3.900000000000000355e+00 -0.000000000000000000e+00
3.902400000000000091e+00 -0.000000000000000000e+00
3.904800000000000271e+00 1.351737673691159652e-04
3.907200000000000006e+00 8.760550942270406535e-05
3.909600000000000186e+00 9.008996414413070067e-05
3.912000000000000366e+00 8.598758586473354601e-05
3.914400000000000102e+00 9.064601101001371422e-05
3.916800000000000281e+00 9.378729198825500101e-05
3.919200000000000017e+00 1.003490137127795260e-04
3.921600000000000197e+00 1.068807674191344585e-04
3.924000000000000377e+00 1.153979691967166229e-04
3.926400000000000112e+00 1.245205061726826329e-04
3.928800000000000292e+00 1.352025318414718609e-04
3.931200000000000028e+00 1.468694821743761567e-04
3.933600000000000207e+00 1.600414678849234132e-04
3.935999999999999943e+00 1.745069714285860899e-04
3.938400000000000123e+00 1.906017780999215579e-04
3.940800000000000303e+00 2.082997738115200206e-04
3.943200000000000038e+00 2.278639432695535815e-04
3.945600000000000218e+00 2.493773561584260558e-04
3.948000000000000398e+00 2.730854099722962967e-04
3.950400000000000134e+00 2.991477598222992500e-04
3.952800000000000313e+00 3.278230695502279174e-04
3.955200000000000049e+00 3.593356256835490941e-04
3.957600000000000229e+00 3.939775723621604330e-04
3.959999999999999964e+00 4.320366879617253022e-04
3.962400000000000144e+00 4.738545589956291975e-04
3.964800000000000324e+00 5.197877740465883974e-04
3.967200000000000060e+00 5.702423103185962246e-04
3.969600000000000239e+00 6.256534517047357847e-04
3.972000000000000419e+00 6.865073342445739048e-04
3.974400000000000155e+00 7.533316946945155506e-04
3.976800000000000335e+00 8.267106245792976010e-04
3.979200000000000070e+00 9.072818841731204774e-04
3.981600000000000250e+00 9.957483006703326742e-04
3.983999999999999986e+00 1.092879362564480985e-03
3.986400000000000166e+00 1.199521287870377977e-03
3.988800000000000345e+00 1.316601720485150416e-03
3.991200000000000081e+00 1.445139734425510223e-03
3.993600000000000261e+00 1.586253091235668251e-03
3.995999999999999996e+00 1.741169044121738474e-03
3.998400000000000176e+00 1.911233999375661465e-03
4.000799999999999912e+00 2.097925784204530356e-03
4.003200000000000536e+00 2.302865802602212849e-03
4.005600000000000271e+00 2.527833348298833948e-03
4.008000000000000007e+00 2.774780521398996589e-03
4.010400000000000631e+00 3.045849157327259939e-03
4.012800000000000367e+00 3.343388911493203053e-03
4.015200000000000102e+00 3.669977411362070757e-03
4.017599999999999838e+00 4.028442043502995611e-03
4.020000000000000462e+00 4.421884005349610569e-03
4.022400000000000198e+00 4.853704454575792290e-03
4.024799999999999933e+00 5.327633232246852847e-03
4.027200000000000557e+00 5.847760165681101241e-03
4.029600000000000293e+00 6.418569351106135322e-03
4.032000000000000028e+00 7.044976541683540573e-03
4.034399999999999764e+00 7.732370012138467009e-03
4.036800000000000388e+00 8.486655114330493924e-03
4.039200000000000124e+00 9.314302894859008072e-03
4.041599999999999859e+00 1.022240305943410317e-02
4.044000000000000483e+00 1.121872167157863046e-02
4.046400000000000219e+00 1.231176392843807282e-02
4.048799999999999955e+00 1.351084242534951983e-02
4.051200000000000578e+00 1.482615129896773173e-02
4.053600000000000314e+00 1.626884668409581472e-02
4.056000000000000050e+00 1.785113390731657423e-02
4.058399999999999785e+00 1.958636186627890977e-02
4.060800000000000409e+00 2.148912503047638659e-02
4.063200000000000145e+00 2.357537350444858376e-02
4.065599999999999881e+00 2.586253156970498915e-02
4.068000000000000504e+00 2.836962510051831837e-02
4.070400000000000240e+00 3.111741820018341931e-02
4.072799999999999976e+00 3.412855934662988033e-02
4.075200000000000600e+00 3.742773724823455356e-02
4.077600000000000335e+00 4.104184650071492080e-02
4.080000000000000071e+00 4.500016298804426773e-02
4.082399999999999807e+00 4.933452878600859404e-02
4.084800000000000431e+00 5.407954609248580985e-02
4.087200000000000166e+00 5.927277942030095143e-02
4.089599999999999902e+00 6.495496493317996778e-02
4.092000000000000526e+00 7.117022537549723415e-02
4.094400000000000261e+00 7.796628852830787826e-02
4.096799999999999997e+00 8.539470650729165391e-02
4.099199999999999733e+00 9.351107248847363718e-02
4.101600000000000357e+00 1.023752305932543322e-01
4.104000000000000092e+00 1.120514736722040827e-01
4.106399999999999828e+00 1.226087225868902203e-01
4.108800000000000452e+00 1.341206792918456236e-01
4.111200000000000188e+00 1.466659445605609235e-01
4.113599999999999923e+00 1.603280895814065687e-01
4.116000000000000547e+00 1.751956688819234498e-01
4.118400000000000283e+00 1.913621601442338227e-01
4.120800000000000018e+00 2.089258144870553557e-01
4.123199999999999754e+00 2.279893987664364519e-01
4.125600000000000378e+00 2.486598094672806680e-01
4.128000000000000114e+00 2.710475359288379016e-01
4.130399999999999849e+00 2.952659491110681822e-01
4.132800000000000473e+00 3.214303910441314582e-01
4.135200000000000209e+00 3.496570397303578326e-01
4.137599999999999945e+00 3.800615248487950737e-01
4.140000000000000568e+00 4.127572714480667315e-01
4.142400000000000304e+00 4.478535522375915456e-01
4.144800000000000040e+00 4.854532344522179410e-01
4.147199999999999775e+00 5.256502149202930685e-01
4.149600000000000399e+00 5.685265472240610407e-01
4.152000000000000135e+00 6.141492779419842618e-01
4.154399999999999871e+00 6.625670250127778660e-01
4.156800000000000495e+00 7.138063501776832354e-01
4.159200000000000230e+00 7.678679988985492866e-01
4.161599999999999966e+00 8.247231044488310125e-01
4.164000000000000590e+00 8.843094769847789083e-01
4.166400000000000325e+00 9.465281218658651019e-01
4.168800000000000061e+00 1.011240152436780892e+00
4.171199999999999797e+00 1.078264278686439148e+00
4.173600000000000421e+00 1.147375062211308361e+00
4.176000000000000156e+00 1.218302127240088018e+00
4.178399999999999892e+00 1.290730504865977180e+00
4.180800000000000516e+00 1.364302261366079572e+00
4.183200000000000252e+00 1.438619520742246527e+00
4.185599999999999987e+00 1.513248936782997989e+00
4.188000000000000611e+00 1.587727602861601195e+00
4.190400000000000347e+00 1.661570311748806761e+00
4.192800000000000082e+00 1.734277997791937809e+00
4.195199999999999818e+00 1.805347115910449274e+00
4.197600000000000442e+00 1.874279642627654230e+00
4.200000000000000178e+00 1.940593330365099956e+00
4.202399999999999913e+00 2.003831813179170140e+00
4.204800000000000537e+00 2.063574154103029912e+00
4.207200000000000273e+00 2.119443443126740156e+00
4.209600000000000009e+00 2.171114099889059457e+00
4.211999999999999744e+00 2.218317603068367116e+00
4.214400000000000368e+00 2.260846453712295645e+00
4.216800000000000104e+00 2.298556275204238553e+00
4.219199999999999839e+00 2.331366050351392438e+00
4.221600000000000463e+00 2.359256588478860994e+00
4.224000000000000199e+00 2.382267395717329705e+00
4.226399999999999935e+00 2.400492184825489428e+00
4.228800000000000558e+00 2.414073303868388365e+00
4.231200000000000294e+00 2.423195384980270983e+00
4.233600000000000030e+00 2.428078516311225510e+00
4.236000000000000654e+00 2.428971224682275665e+00
4.238400000000000389e+00 2.426143527097758046e+00
4.240800000000000125e+00 2.419880270246475451e+00
4.243199999999999861e+00 2.410474932654938396e+00
4.245600000000000485e+00 2.398224018063000784e+00
4.248000000000000220e+00 2.383422124065037284e+00
4.250399999999999956e+00 2.366357729513865582e+00
4.252800000000000580e+00 2.347309709226383045e+00
4.255200000000000315e+00 2.326544556013199649e+00
4.257600000000000051e+00 2.304314268197138915e+00
4.259999999999999787e+00 2.280854845307293211e+00
4.262400000000000411e+00 2.256385324912648205e+00
4.264800000000000146e+00 2.231107288759457408e+00
4.267199999999999882e+00 2.205204765576150638e+00
4.269600000000000506e+00 2.178844460185267007e+00
4.272000000000000242e+00 2.152176243053152582e+00
4.274399999999999977e+00 2.125333840358601734e+00
4.276800000000000601e+00 2.098435671436979177e+00
4.279200000000000337e+00 2.071585787551232016e+00
4.281600000000000072e+00 2.044874872970931623e+00
4.283999999999999808e+00 2.018381276029904470e+00
4.286400000000000432e+00 1.992172043999582254e+00
4.288800000000000168e+00 1.966303941151717805e+00
4.291199999999999903e+00 1.940824434242594876e+00
4.293600000000000527e+00 1.915772633827022009e+00
4.296000000000000263e+00 1.891180183330598341e+00
4.298399999999999999e+00 1.867072090720337973e+00
4.300800000000000622e+00 1.843467499975201873e+00
4.303200000000000358e+00 1.820380401433971951e+00
4.305600000000000094e+00 1.797820281553527577e+00
4.307999999999999829e+00 1.775792713708694626e+00
4.310400000000000453e+00 1.754299892464305843e+00
4.312800000000000189e+00 1.733341114303618369e+00
4.315199999999999925e+00 1.712913208151934263e+00
4.317600000000000549e+00 1.693010919230745426e+00
4.320000000000000284e+00 1.673627249850673682e+00
4.322400000000000020e+00 1.654753760730247159e+00
4.324799999999999756e+00 1.636380836336193800e+00
4.327200000000000379e+00 1.618497917599322822e+00
4.329600000000000115e+00 1.601093705184104765e+00
4.331999999999999851e+00 1.584156336292430245e+00
4.334400000000000475e+00 1.567673537772631187e+00
4.336800000000000210e+00 1.551632758091243236e+00
4.339199999999999946e+00 1.536021280512995357e+00
4.341600000000000570e+00 1.520826319628181711e+00
4.344000000000000306e+00 1.506035103168944733e+00
4.346400000000000041e+00 1.491634940869039472e+00
4.348800000000000665e+00 1.477613281946523083e+00
4.351200000000000401e+00 1.463957762626195924e+00
4.353600000000000136e+00 1.450656244968683506e+00
4.355999999999999872e+00 1.437696848135603833e+00
4.358400000000000496e+00 1.425067973094990448e+00
4.360800000000000232e+00 1.412758321657432647e+00
4.363199999999999967e+00 1.400756910630634344e+00
4.365600000000000591e+00 1.389053081787523292e+00
4.368000000000000327e+00 1.377636508259985293e+00
4.370400000000000063e+00 1.366497197895899962e+00
4.372799999999999798e+00 1.355625494050766155e+00
4.375200000000000422e+00 1.345012074226089815e+00
4.377600000000000158e+00 1.334647946914134575e+00
4.379999999999999893e+00 1.324524446962063173e+00
4.382400000000000517e+00 1.314633229727255603e+00
4.384800000000000253e+00 1.304966264259153519e+00
4.387199999999999989e+00 1.295515825710876978e+00
4.389599999999999724e+00 1.286274487155578683e+00
4.392000000000000348e+00 1.277235110957647857e+00
4.394400000000000084e+00 1.268390839827110428e+00
4.396799999999999820e+00 1.259735087666454145e+00
4.399200000000000443e+00 1.251261530302443470e+00
4.401600000000000179e+00 1.242964096180938283e+00
4.403999999999999915e+00 1.234836957090013065e+00
4.406400000000000539e+00 1.226874518965704652e+00
4.408800000000000274e+00 1.219071412825094125e+00
4.411200000000000010e+00 1.211422485863206999e+00
4.413600000000000634e+00 1.203922792743020276e+00
4.416000000000000369e+00 1.196567587101740715e+00
4.418400000000000105e+00 1.189352313291221153e+00
4.420799999999999841e+00 1.182272598365849525e+00
4.423200000000000465e+00 1.175324244327403234e+00
4.425600000000000200e+00 1.168503220633057449e+00
4.427999999999999936e+00 1.161805656969987277e+00
4.430400000000000560e+00 1.155227836297660682e+00
4.432800000000000296e+00 1.148766188156966628e+00
4.435200000000000031e+00 1.142417282243714860e+00
4.437600000000000655e+00 1.136177822242717239e+00
4.440000000000000391e+00 1.130044639917565652e+00
4.442400000000000126e+00 1.124014689450376192e+00
4.444799999999999862e+00 1.118085042025067866e+00
4.447200000000000486e+00 1.112252880647241593e+00
4.449600000000000222e+00 1.106515495193315379e+00
4.451999999999999957e+00 1.100870277681315512e+00
4.454400000000000581e+00 1.095314717755538680e+00
4.456800000000000317e+00 1.089846398377202430e+00
4.459200000000000053e+00 1.084462991713196711e+00
4.461599999999999788e+00 1.079162255215043942e+00
4.464000000000000412e+00 1.073942027880310901e+00
4.466400000000000148e+00 1.068800226688767507e+00
4.468799999999999883e+00 1.063734843205810021e+00
4.471200000000000507e+00 1.058743940345779455e+00
4.473600000000000243e+00 1.053825649288048671e+00
4.475999999999999979e+00 1.048978166538934831e+00
4.478400000000000603e+00 1.044199751132731446e+00
4.480800000000000338e+00 1.039488721965376561e+00
4.483200000000000074e+00 1.034843455254510491e+00
4.485599999999999810e+00 1.030262382119921272e+00
4.488000000000000433e+00 1.025743986278594644e+00
4.490400000000000169e+00 1.021286801848845904e+00
4.492799999999999905e+00 1.016889411258226739e+00
4.495200000000000529e+00 1.012550443250134879e+00
4.497600000000000264e+00 1.008268570984284018e+00
4.500000000000000000e+00 1.004042510226401896e+00
4.497600000000000264e+00 9.998127723972654035e-01
4.495200000000000529e+00 9.956626426347340297e-01
4.492799999999999905e+00 9.915670889412413480e-01
4.490400000000000169e+00 9.875277716160982822e-01
4.488000000000000433e+00 9.835395009468300698e-01
4.485599999999999810e+00 9.796019441191928800e-01
4.483200000000000074e+00 9.757126106955220646e-01
4.480800000000000338e+00 9.718706791575809634e-01
4.478400000000000603e+00 9.680744864903951807e-01
4.475999999999999979e+00 9.643230765434311902e-01
4.473600000000000243e+00 9.606151307684246410e-01
4.471200000000000507e+00 9.569496661175598273e-01
4.468799999999999883e+00 9.533255355934825426e-01
4.466400000000000148e+00 9.497417638314614718e-01
4.464000000000000412e+00 9.461972995312409873e-01
4.461599999999999788e+00 9.426911836596207905e-01
4.459200000000000053e+00 9.392224212331259370e-01
4.456800000000000317e+00 9.357900678178624476e-01
4.454399999999999693e+00 9.323931605840315440e-01
4.451999999999999957e+00 9.290307632677970995e-01
4.449600000000000222e+00 9.257019276351479142e-01
4.447200000000000486e+00 9.224057166132672014e-01
4.444799999999999862e+00 9.191411816854422323e-01
4.442400000000000126e+00 9.159073741831010862e-01
4.440000000000000391e+00 9.127033310913849062e-01
4.437599999999999767e+00 9.095280796805936818e-01
4.435200000000000031e+00 9.063806276910140181e-01
4.432800000000000296e+00 9.032599640172160882e-01
4.430400000000000560e+00 9.001650510368236491e-01
4.427999999999999936e+00 8.970948227604170766e-01
4.425600000000000200e+00 8.940481780093527675e-01
4.423200000000000465e+00 8.910239767372363229e-01
4.420799999999999841e+00 8.880210332567535225e-01
4.418400000000000105e+00 8.850381110406493335e-01
4.416000000000000369e+00 8.820739154537969862e-01
4.413600000000000634e+00 8.791270871057934588e-01
4.411200000000000010e+00 8.761961936690404462e-01
4.408800000000000274e+00 8.732797217041062821e-01
4.406400000000000539e+00 8.703760671935637516e-01
4.403999999999999915e+00 8.674835256533309780e-01
4.401600000000000179e+00 8.646002810150872353e-01
4.399200000000000443e+00 8.617243937486245287e-01
4.396799999999999820e+00 8.588537876985109509e-01
4.394400000000000084e+00 8.559862358606639132e-01
4.392000000000000348e+00 8.531193447296085974e-01
4.389599999999999724e+00 8.502505372889492818e-01
4.387199999999999989e+00 8.473770343580174780e-01
4.384800000000000253e+00 8.444958342655699557e-01
4.382400000000000517e+00 8.416036906005298635e-01
4.379999999999999893e+00 8.386970879377250165e-01
4.377600000000000158e+00 8.357722152974123020e-01
4.375200000000000422e+00 8.328249371790416022e-01
4.372799999999999798e+00 8.298507619186037410e-01
4.370400000000000063e+00 8.268448071602139127e-01
4.368000000000000327e+00 8.238017621696567261e-01
4.365600000000000591e+00 8.207158467342325903e-01
4.363199999999999967e+00 8.175807663468757092e-01
4.360800000000000232e+00 8.143896633741729563e-01
4.358400000000000496e+00 8.111350638716414707e-01
4.355999999999999872e+00 8.078088197027640804e-01
4.353600000000000136e+00 8.044020455890399379e-01
4.351200000000000401e+00 8.009050507078186998e-01
4.348799999999999777e+00 7.973072644318920377e-01
4.346400000000000041e+00 7.935971557952006261e-01
4.344000000000000306e+00 7.897621462542557813e-01
4.341600000000000570e+00 7.857885153112053045e-01
4.339199999999999946e+00 7.816612985615659648e-01
4.336800000000000210e+00 7.773641777384457940e-01
4.334400000000000475e+00 7.728793623404907054e-01
4.331999999999999851e+00 7.681874624609340563e-01
4.329600000000000115e+00 7.632673524786491859e-01
4.327200000000000379e+00 7.580960253359056988e-01
4.324799999999999756e+00 7.526484372131926337e-01
4.322400000000000020e+00 7.468973425258628174e-01
4.320000000000000284e+00 7.408131193145995885e-01
4.317600000000000549e+00 7.343635852895169513e-01
4.315199999999999925e+00 7.275138050226085396e-01
4.312800000000000189e+00 7.202258890744249742e-01
4.310400000000000453e+00 7.124587861971722891e-01
4.307999999999999829e+00 7.041680701887410576e-01
4.305600000000000094e+00 6.953057234915740459e-01
4.303200000000000358e+00 6.858199202490815605e-01
4.300800000000000622e+00 6.756548122629848496e-01
4.298399999999999999e+00 6.647503221503422433e-01
4.296000000000000263e+00 6.530419489910542774e-01
4.293600000000000527e+00 6.404605928963088557e-01
4.291199999999999903e+00 6.269324062237012773e-01
4.288800000000000168e+00 6.123786806198906474e-01
4.286400000000000432e+00 5.967157806845787560e-01
4.283999999999999808e+00 5.798551368099877923e-01
4.281600000000000072e+00 5.617033116357871281e-01
4.279200000000000337e+00 5.421621565337554349e-01
4.276800000000000601e+00 5.211290765430318661e-01
4.274399999999999977e+00 4.984974241359144131e-01
4.272000000000000242e+00 4.741570439971997120e-01
4.269600000000000506e+00 4.479949925053222648e-01
4.267199999999999882e+00 4.198964566315669389e-01
4.264800000000000146e+00 3.897458973042774999e-01
4.262400000000000411e+00 3.574284416565650102e-01
4.259999999999999787e+00 3.228315466879685403e-01
4.257600000000000051e+00 2.858469533902961435e-01
4.255200000000000315e+00 2.463729449654578907e-01
4.252800000000000580e+00 2.043169150520620092e-01
4.250399999999999956e+00 1.595982415676971966e-01
4.248000000000000220e+00 1.121514486321438103e-01
4.245600000000000485e+00 6.192962296139291334e-02
4.243199999999999861e+00 8.908032202974348890e-03
4.240800000000000125e+00 -4.691212873069753458e-02
4.238400000000000389e+00 -1.054999605093493720e-01
4.235999999999999766e+00 -1.667911725922551769e-01
4.233600000000000030e+00 -2.306846312800427956e-01
4.231200000000000294e+00 -2.970393078284158106e-01
4.228800000000000558e+00 -3.656718077838442826e-01
4.226399999999999935e+00 -4.363546714077906064e-01
4.224000000000000199e+00 -5.088156340474531136e-01
4.221600000000000463e+00 -5.827380223471152476e-01
4.219199999999999839e+00 -6.577624355837929926e-01
4.216800000000000104e+00 -7.334898203602638889e-01
4.214400000000000368e+00 -8.094859918189771797e-01
4.211999999999999744e+00 -8.852875873228963632e-01
4.209600000000000009e+00 -9.604093626097623959e-01
4.207200000000000273e+00 -1.034352660646139732e+00
4.204800000000000537e+00 -1.106614805810533397e+00
4.202399999999999913e+00 -1.176699107260071875e+00
4.200000000000000178e+00 -1.244125101926530030e+00
4.197600000000000442e+00 -1.308438635216479629e+00
4.195199999999999818e+00 -1.369221370191487486e+00
4.192800000000000082e+00 -1.426099335576746174e+00
4.190400000000000347e+00 -1.478750168617181782e+00
4.188000000000000611e+00 -1.526908777219383007e+00
4.185599999999999987e+00 -1.570371231410375268e+00
4.183200000000000252e+00 -1.608996789754980394e+00
4.180800000000000516e+00 -1.642708064118459266e+00
4.178399999999999892e+00 -1.671489418339370703e+00
4.176000000000000156e+00 -1.695383776307933354e+00
4.173600000000000421e+00 -1.714488077615792472e+00
4.171199999999999797e+00 -1.728947661376263101e+00
4.168800000000000061e+00 -1.738949880157587558e+00
4.166400000000000325e+00 -1.744717247304210961e+00
4.163999999999999702e+00 -1.746500404867725731e+00
4.161599999999999966e+00 -1.744571169598529092e+00
4.159200000000000230e+00 -1.739215875134162426e+00
4.156800000000000495e+00 -1.730729183854502251e+00
4.154399999999999871e+00 -1.719408495678544035e+00
4.152000000000000135e+00 -1.705549036531457618e+00
4.149600000000000399e+00 -1.689439668714236564e+00
4.147199999999999775e+00 -1.671359430551264680e+00
4.144800000000000040e+00 -1.651574784310381405e+00
4.142400000000000304e+00 -1.630337529688409948e+00
4.140000000000000568e+00 -1.607883324839155748e+00
4.137599999999999945e+00 -1.584430747357128633e+00
4.135200000000000209e+00 -1.560180822978200155e+00
4.132800000000000473e+00 -1.535316949089990501e+00
4.130399999999999849e+00 -1.510005142533884515e+00
4.128000000000000114e+00 -1.484394545765813644e+00
4.125600000000000378e+00 -1.458618131468274681e+00
4.123199999999999754e+00 -1.432793552538716764e+00
4.120800000000000018e+00 -1.407024091515823638e+00
4.118400000000000283e+00 -1.381399670563030480e+00
4.116000000000000547e+00 -1.355997889834757997e+00
4.113599999999999923e+00 -1.330885068225310830e+00
4.111200000000000188e+00 -1.306117266037587932e+00
4.108800000000000452e+00 -1.281741273962911265e+00
4.106399999999999828e+00 -1.257795556931187830e+00
4.104000000000000092e+00 -1.234311144900323454e+00
4.101600000000000357e+00 -1.211312465553304074e+00
4.099199999999999733e+00 -1.188818116220158538e+00
4.096799999999999997e+00 -1.166841574205106147e+00
4.094400000000000261e+00 -1.145391846142424841e+00
4.092000000000000526e+00 -1.124474058090915385e+00
4.089599999999999902e+00 -1.104089988865367467e+00
4.087200000000000166e+00 -1.084238549647003058e+00
4.084800000000000431e+00 -1.064916213260556965e+00
4.082399999999999807e+00 -1.046117396694160817e+00
4.080000000000000071e+00 -1.027834800504098256e+00
4.077600000000000335e+00 -1.010059708719153404e+00
4.075200000000000600e+00 -9.927822527625853599e-01
4.072799999999999976e+00 -9.759916427636390335e-01
4.070400000000000240e+00 -9.596763694506593723e-01
4.068000000000000504e+00 -9.438243796169937250e-01
4.065599999999999881e+00 -9.284232279387351072e-01
4.063200000000000145e+00 -9.134602077075106852e-01
4.060800000000000409e+00 -8.989224628276236695e-01
4.058399999999999785e+00 -8.847970832190470425e-01
4.056000000000000050e+00 -8.710711855688855199e-01
4.053600000000000314e+00 -8.577319811859942522e-01
4.051199999999999690e+00 -8.447668325375422560e-01
4.048799999999999955e+00 -8.321632998831069994e-01
4.046400000000000219e+00 -8.199091792714794380e-01
4.044000000000000483e+00 -8.079925330276098716e-01
4.041599999999999859e+00 -7.964017137315910766e-01
4.039200000000000124e+00 -7.851253825777473327e-01
4.036800000000000388e+00 -7.741525228990160379e-01
4.034399999999999764e+00 -7.634724495492413165e-01
4.032000000000000028e+00 -7.530748147529080505e-01
4.029600000000000293e+00 -7.429496109575175478e-01
4.027200000000000557e+00 -7.330871711574574734e-01
4.024799999999999933e+00 -7.234781670991856650e-01
4.022400000000000198e+00 -7.141136057250757618e-01
4.020000000000000462e+00 -7.049848241667845405e-01
4.017599999999999838e+00 -6.960834835578774138e-01
4.015200000000000102e+00 -6.874015618991109466e-01
4.012800000000000367e+00 -6.789313461777870540e-01
4.010400000000000631e+00 -6.706654239144029805e-01
4.008000000000000007e+00 -6.625966742850989410e-01
4.005600000000000271e+00 -6.547182589467103186e-01
4.003200000000000536e+00 -6.470236126722488379e-01
4.000799999999999912e+00 -6.395064338880368515e-01
3.998400000000000176e+00 -6.321606751892711040e-01
3.995999999999999996e+00 -6.249805338981725411e-01
3.993600000000000261e+00 -6.179604427179578030e-01
3.991200000000000081e+00 -6.110950605263696378e-01
3.988800000000000345e+00 -6.043792633442975903e-01
3.986400000000000166e+00 -5.978081355079457593e-01
3.983999999999999986e+00 -5.913769610669058485e-01
3.981600000000000250e+00 -5.850812154252653663e-01
3.979200000000000070e+00 -5.789165572384167291e-01
3.976800000000000335e+00 -5.728788205744109741e-01
3.974400000000000155e+00 -5.669640073454856877e-01
3.971999999999999975e+00 -5.611682800126438497e-01
3.969600000000000239e+00 -5.554879545639012095e-01
3.967200000000000060e+00 -5.499194937648727022e-01
3.964800000000000324e+00 -5.444595006788190972e-01
3.962400000000000144e+00 -5.391047124519593448e-01
3.959999999999999964e+00 -5.338519943588090344e-01
3.957600000000000229e+00 -5.286983341014719340e-01
3.955200000000000049e+00 -5.236408363561508850e-01
3.952800000000000313e+00 -5.186767175596416202e-01
3.950400000000000134e+00 -5.138033009282195751e-01
3.947999999999999954e+00 -5.090180117010577598e-01
3.945600000000000218e+00 -5.043183726001735367e-01
3.943200000000000038e+00 -4.997019994988123326e-01
3.940800000000000303e+00 -4.951665972901792556e-01
3.938400000000000123e+00 -4.907099559484645601e-01
3.935999999999999943e+00 -4.863299467742162041e-01
3.933600000000000207e+00 -4.820245188162320948e-01
3.931200000000000028e+00 -4.777916954623188661e-01
3.928800000000000292e+00 -4.736295711914421669e-01
3.926400000000000112e+00 -4.695363084800059372e-01
3.923999999999999932e+00 -4.655101348552130869e-01
3.921600000000000197e+00 -4.615493400886987452e-01
3.919200000000000017e+00 -4.576522735238529593e-01
3.916800000000000281e+00 -4.538173415305086222e-01
3.914400000000000102e+00 -4.500430050808954530e-01
3.912000000000000366e+00 -4.463277774410215892e-01
3.909600000000000186e+00 -4.426702219718747777e-01
3.907200000000000006e+00 -4.390689500350787311e-01
3.904800000000000271e+00 -4.355226189978769757e-01
3.902400000000000091e+00 -4.320299303325382811e-01
